-515
1405
9996
-2564
2794
6300
-2508
4321
7501
-2555
1008
-1244
3752
-2225
2333
-5696
-5681
-6565
-4758
469
-1160
-4275
7228
-6155
9895
5823
1329
3109
7242
-1253
-1539
-264
-6318
-6284
5694
7291
-9426
6188
-3118
7168
7339
-9814
4244
3427
-4737
1332
-1727
-8882
110
838
4699
1629
1886
-6866
-8114
-7323
-8594
-8091
-2053
8254
5709
-6933
-8389
-5445
2746
1636
-8243
-4151
4045
-8775
8477
3715
5134
4698
-589
3407
1837
6013
7356
7324
-7401
-5554
898
4227
7099
-3130
-6299
-9344
3069
-103
-7780
7171
-5166
6768
1341
-3061
1634
-7663
7455
6341
3890
-8929
9365
7368
3054
9162
671
-3544
1491
-207
8065
-9451
2361
4962
2695
-8254
-5499
9594
1
-9688
6765
-143
8751
-9590
7380
2056
-8062
9904
-3284
-3631
-4232
-2008
4335
-1804
-6900
-3609
9473
-4206
-7192
-3285
-9518
-8027
-7367
-2711
2152
7616
909
2477
-1352
-8688
-332
-5427
-9280
-2030
34
9120
1061
-5019
-1633
-4953
2277
-8481
-5335
-188
8859
2280
1457
9991
-2268
8863
-2617
-407
5891
8561
3489
7294
7264
259
3826
-6290
-7932
-3259
-8553
-7451
-1933
-6099
2537
-8666
1397
-9886
-8001
666
-8038
-2575
-7219
3897
482
-4342
7474
-1408
-5671
9398
-2482
6969
-6352
4665
9184
-3149
636
7172
5242
567
8872
-3084
-8495
7997
4571
-6579
1798
1630
-9987
-6167
3838
-64
-3192
-1391
-737
-4684
4394
-2107
-3405
-3903
714
-1076
-2859
2693
-6231
-1378
-9022
4542
-6932
9287
4546
-6641
466
912
-3402
2537
1704
-5031
2773
-3400
-8860
-9115
-7039
6441
5969
-5692
9910
-1384
-693
7186
-8493
353
-1638
4233
-7675
-6037
-8943
-8832
1935
3350
4227
-1997
-3028
-7033
8684
4350
-5869
890
4415
-409
2457
3173
4730
-6177
-8199
-5024
-9852
6304
956
6557
2938
-5690
-4276
-4372
4908
3446
8330
-5366
-4631
-2000
-684
-2308
-3397
6720
-6855
-6890
-9547
-7883
3369
8174
3588
-6044
-2498
-9506
6935
246
63
-6198
-5434
5992
-6321
-9570
-7145
439
9506
5709
170
-1324
-4313
-2320
-3347
7839
6443
6788
3405
-4154
-4388
1847
2478
4479
1924
5937
1739
2215
844
-6758
6096
-8147
-5697
3541
-2358
-5778
-5370
1142
-4530
-6023
9238
-5799
8833
7432
-7666
-9027
-4938
-1943
6953
-8683
1812
-2936
-2281
5016
176
-2365
4116
484
-7860
-1788
8712
3984
-6262
8482
-6999
-2732
-6444
8242
4430
-4087
8651
-2787
6076
-3793
-3600
-295
3110
1174
-9988
2497
5061
9859
332
5852
-3576
-2859
4750
-7504
6760
1838
-766
-3722
-7343
9717
9531
1498
-30
-5463
6519
-1659
-6779
-5879
6498
-9463
-3273
-168
-604
1163
-2401
7361
2105
-7105
6426
8353
-570
264
-2914
-3078
7744
-3557
2557
-7002
-5388
2711
-7683
1146
2838
-7398
5360
6717
3186
-8113
3325
-1862
1445
8328
1719
7280
-3879
-8800
9104
-6726
5996
-3688
-615
8742
2146
-2059
3951
-4734
799
-2409
5278
3825
9099
5226
9443
8381
-7206
9163
-5311
5985
1944
-9979
-696
7041
3225
-7844
-2495
-2231
6856
-318
-8182
7551
3314
307
-6701
-8286
9427
9279
8924
2796
1415
-2642
-3591
-7649
550
1075
-2700
7322
1733
-9949
5820
8076
-4504
-4439
-4504
-6036
3027
-1247
-8980
-669
-988
7379
8942
451
6990
-1720
-6016
9907
6078
8414
-1448
2750
9897
-491
4333
-3896
-5104
3919
7247
1566
-6786
887
6872
-4674
-6399
-5236
6962
-9244
1755
6091
-3888
-1720
-5547
7396
7365
-193
3831
-554
7478
-1471
4831
-5495
-3103
-3752
-8840
6062
7368
8285
9371
-7202
9246
-6747
-4831
341
8741
-4142
6896
7768
-9599
-5740
-6189
185
-5005
-9862
6951
9792
1120
8423
-211
-1604
3392
8757
-6976
-4463
-8611
-7353
-2643
-4786
-1911
6718
2167
-2743
5461
-1073
2185
7873
775
-7462
6835
2495
-6037
4036
3906
-5229
5113
3448
-4356
-2549
-444
-607
-9417
1339
-9603
-3487
2788
-6859
-1113
-943
-2543
6105
-6163
1429
1828
-782
6067
-7232
3568
-110
6105
2175
3376
1693
4902
-1071
5473
5080
-3499
7652
5626
9175
2097
9087
5030
8394
-4370
-6433
-6485
-4640
6389
-7764
-8354
-5275
1165
-6867
3182
-9783
-5980
-2155
-4037
-9472
-7520
9490
3581
-2130
3779
-6420
-2840
1359
1112
-8342
-6351
-9593
-9049
6013
-4272
5693
-4650
-4842
-434
-8041
-3830
-3329
-6269
1411
-7359
-6785
-5615
8128
5702
5254
5280
-3549
8797
3873
4601
6008
-7359
4009
-9197
5367
1533
5250
187
3349
-4033
3607
2258
4573
6780
-1211
-8053
4376
2486
4375
-500
1806
5535
5691
-3021
-9489
-8486
436
5328
-9625
-3964
-9487
8454
-3758
-9655
6378
-915
7598
-2079
6214
-3286
-2642
-5338
7386
-2183
-5239
-7070
48
444
7908
6049
-5705
-6804
-922
2824
8753
9553
154
-8812
2395
6213
-8232
-6809
9448
6381
-784
972
-3605
3757
-7406
1001
1521
6220
2471
-6764
2912
6715
6501
-4637
8855
6886
2112
4361
-7863
7514
6010
2543
2407
-980
4294
-5519
6050
8605
-3410
-6633
-828
4433
1042
4208
-8942
7951
6656
-8247
-7111
-6961
1787
8191
-9928
6957
1549
5052
4895
-424
2535
2720
2891
2577
-7278
-5492
4329
8309
8224
2646
-1521
-9583
7131
-9821
2829
-790
894
1002
-3896
8785
-6031
6940
-587
-5026
-2932
51
5
8429
-4250
1849
9833
1055
-8795
4008
-5852
7837
5681
8526
-4256
856
-5399
6260
5172
2921
-1207
-6501
4555
2298
-1043
-9133
-7429
337
-4881
3965
8366
6355
295
8655
5215
8275
4664
-7646
5314
7496
1552
6223
-544
5467
943
-6838
-8947
8112
-9368
7886
9060
1678
8385
9860
-1307
-4001
5013
-3668
8141
7525
-2066
4515
-4774
-2906
-7374
-5830
5867
8706
-7016
2755
9477
-2106
-1026
191
4408
-532
3650
-7559
1846
-9202
8366
-1342
4322
6814
4130
741
62
332
-7981
8857
9259
-2336
1518
-9150
9259
-7751
-1064
-8189
7923
7628
6971
6785
3753
3794
4396
820
7214
5375
4742
-5118
3030
8767
2262
-1745
4688
8294
375
-6052
340
8558
-5029
-4968
-6587
7922
4810
615
5623
9669
5799
8665
-9079
9683
-4619
1360
2696
-1307
-6935
-4413
-2542
3495
7685
-2522
-5182
-2505
1003
1681
7984
-5338
-5317
7079
-5871
7809
-110
-8291
-8037
3821
-3927
7158
-4164
3523
-5487
67
9072
-7943
-4637
-8268
1257
9717
-8165
-4911
-4515
5703
3055
7619
4855
2578
-8901
129
-4605
-8084
7787
-8915
-6441
-1100
6291
-9977
4741
-703
9149
6927
-4426
8707
734
-1773
-4277
4892
4008
-5915
-1719
1248
6116
-483
865
3041
1979
8450
6717
-4756
-4783
-4027
-5631
-978
-4785
-7310
-6600
-2331
6468
-6857
1423
-1579
7772
8045
3391
-485
-8676
-895
5634
-3244
-8529
-2040
-3597
5637
-341
3757
-8579
8075
2276
8459
-2216
1810
6028
-9525
-1620
9256
5465
-3671
4007
8820
-7815
2059
-6998
-451
-1354
4308
-4675
-3943
6135
2539
-4597
-9397
5026
-1198
5569
-498
-3969
5802
6457
-6308
3184
2405
-7753
-4251
3413
-7521
-4414
-4653
5043
8364
-4621
-1083
5470
-5680
1359
4238
-3245
-2273
-303
-9885
8424
4437
-7258
3414
-2881
-7726
-6649
3574
-9829
3430
-9535
6772
8158
-8917
9510
-5198
6758
7354
-1528
5961
7561
8208
-8449
2175
-4649
-8188
-879
-4605
5008
8998
-2553
6873
-1228
-2896
7192
-4016
-7114
5021
-4894
9448
-7037
1858
-2723
-746
5989
-6753
-9773
-3820
3308
9512
9343
63
-6413
3212
-5363
-8607
8877
407
-2133
355
3308
7894
2395
467
-2358
4403
-5129
1838
5294
7995
-1928
-1779
-4742
7375
2582
4824
-3421
5175
8694
9825
7333
4587
-246
-2141
-2404
2513
7428
-1556
9510
3571
-5975
-799
2757
7857
2100
-5121
-183
-8219
966
-8568
201
-7146
-5655
4718
-4887
-6731
-4911
6839
9410
-6439
6233
1686
-2375
-9056
7198
-9814
5222
6342
4930
-9962
-4148
-9295
3455
2831
-9734
-1938
-3252
9750
1364
-4782
371
2166
-2125
4953
-7646
-1012
2853
-3947
-8054
1521
-4614
-617
9502
3434
-2101
3209
4257
6329
9036
5156
1326
-4289
-7027
1382
-2576
-4316
-1422
9278
-7328
6788
-7741
-6890
4964
-4903
-2335
-2581
2682
-2988
528
3589
-4758
2102
8133
4137
6525
3532
8732
-4118
-4970
-2603
-8627
6129
8675
-2640
3558
2202
7736
-5583
1177
3525
6660
-2536
-9129
7118
-6488
-9501
-3451
2657
7506
-6815
6834
6983
-7740
-8506
-9434
-5330
-7408
-8333
4299
-570
4278
-3032
6248
7225
-7712
3357
-3521
5580
525
-7806
-9371
-9581
-6232
2507
-1598
-6405
2429
-1304
-8216
-2174
1697
-8724
76
-2660
9983
7031
521
5612
-1236
2524
1819
7575
-3700
-6975
-845
-7257
-528
-6567
9426
-9988
8605
-8503
-9512
-6949
-811
763
-5249
2857
-6956
3954
-3314
-2629
-9397
5445
-4121
-3083
-6616
9170
1713
-5376
2440
-3559
-895
147
-5364
2116
-5047
-7346
-904
9921
-7300
4760
-4496
-261
-9380
6252
-7
-9756
-4923
2199
8270
8258
3566
-6995
-5264
-7386
-6657
-2203
-3398
8277
1810
-6594
-1454
5706
2952
-7053
-4323
-8778
-5725
4567
4452
-4115
-2504
-759
-8866
6527
382
6212
7285
3332
7853
-7644
-6765
8354
-6182
9356
-4947
3280
-3441
-982
-9181
8699
-2591
-9084
6970
-8265
4819
7430
1336
1884
9372
7393
-2861
-3959
4482
-1170
-2924
-4565
7
-2693
3639
1447
-2978
1670
-627
1269
761
3677
4581
-7421
-8924
-93
9253
-2444
560
9273
4145
-7808
-374
6445
-7820
-8400
3587
-7371
6
8901
-9274
-9475
6654
7655
-3196
3514
4130
7533
2563
-6702
5447
1501
8482
7635
893
1385
-951
-8253
750
5184
-4252
-9843
-251
1307
-6367
6919
7556
-6358
-2166
-7730
-6421
5827
2767
-8963
-2029
-7456
7809
4041
-1006
8446
3306
8929
606
7991
-6975
5546
1007
7560
-9898
9025
4303
8438
-7753
6320
1181
-6588
-5323
-3432
1126
-7453
-9507
-2861
-6375
-7951
-1865
-3264
-5074
8902
-2177
-1399
-4153
8644
-8045
-2575
-3736
-1142
666
-2163
2905
6211
854
3001
9597
-3265
6194
-8734
-8240
3493
-8828
-3297
3065
-9222
-1331
-7536
-3735
4400
-203
-5544
-6975
-7135
3649
6634
7950
-3935
4885
-4854
-2297
-4943
7933
-449
6068
-4974
-3719
-9325
-4662
4007
8621
6664
9396
-1158
4695
4289
2753
2819
5780
-5556
8545
-1007
-3565
1097
5175
3081
-4783
-3389
3448
-9193
-4811
-6871
2713
-6425
-667
-2567
-2089
297
-9039
-1014
-5424
5565
-4765
8639
-8800
-5841
-2700
-659
1889
-2804
1652
-6748
4891
257
8068
-2413
-6766
5560
934
-9942
9812
-7937
3573
-6166
-7106
-8860
-5215
-5301
358
5147
2888
3815
-5672
7089
6583
6172
9997
3791
-6441
8781
30
-6141
4170
4525
-648
4115
5377
6049
930
-2365
-9989
7321
2789
-3217
-9338
-7281
-4283
3138
-5359
-6201
-6036
-3775
-786
-1267
1088
-5197
-902
7878
-5727
1641
5648
-7279
-1890
7223
6907
3792
628
-7789
-2761
-1343
8650
1999
7732
-7013
-7735
446
1055
2185
-8409
3070
7404
-4303
-8815
2289
3881
3724
9501
-8831
7790
-7673
-7764
7124
1565
2983
2066
9120
-9019
7320
4098
-5257
-9884
2025
-7143
4648
7440
-2804
6198
-3306
8897
-9807
1665
1351
-2332
1542
-7773
8611
-1155
2386
2109
8057
-198
1516
-6256
1770
9582
-7550
-7560
-9732
-2466
-5338
4621
-5237
-2813
-9288
-3384
-3531
-1541
-1109
-6439
-8827
7424
6079
5735
-290
-3764
4021
-607
8464
1895
1986
-3845
-3543
-6893
1766
6681
-3787
-5432
8085
-1781
-3569
-1271
-4428
-3958
940
-2397
5231
8104
-538
6341
-3108
9211
-1553
-3149
7009
1194
-1163
-4702
4247
156
5132
-31
2902
4634
-3231
-6228
780
665
400
5903
-4319
-3178
-6167
-739
4409
-2252
-1649
2987
-7441
-9631
7116
-1529
4724
-7436
-9785
4616
-1119
4479
1539
2301
9296
-3648
8147
-5799
6716
-144
-5521
9581
8410
7300
8349
289
1070
-3520
1420
2942
4822
9172
7860
-8979
8014
9960
6004
-9804
1554
-8396
-3443
8888
-6507
-5752
-5592
-298
-5031
-787
9278
2680
-6764
-7112
-7243
-3506
-3465
-8223
-8432
6608
-2964
2792
6743
6734
-5186
9112
4961
-9916
-7026
5790
-2381
-3308
-8658
-359
-7046
93
2597
9649
-913
5080
4817
2783
9510
6829
6497
-2997
-8779
-9368
1701
698
6543
6286
3119
6746
-7209
-4048
9044
-7455
6038
-9778
-3536
8211
-4770
-2648
-808
-8008
2265
9500
3839
-7882
-5272
-4896
9279
-1614
-8072
-9005
-4572
977
4339
-897
-7291
-1894
-6085
-7718
1683
-3944
-7856
320
-743
3723
2599
-4137
8968
-5019
-8445
4113
-486
-7115
6113
5268
3697
-2063
-6431
5109
-2546
3540
-7289
3354
-1598
-6801
-4950
-3091
5872
-9620
6394
-2151
8835
-8507
-2182
5469
-2912
7229
-4102
-4969
5460
-1818
9949
-7222
-9910
9826
-2910
6481
1750
-9401
-4606
-1536
579
2723
-3232
2192
5432
4080
-3905
747
9588
7066
-8533
-9575
3697
4543
4832
-446
5115
-9757
6050
-3244
-4996
4517
6122
9199
-877
-5585
-1644
-3581
8073
-7749
-3089
-6573
-2450
9953
-5306
7452
-6899
-6297
-8535
7330
8688
-8154
1891
-8699
9177
-4481
9657
-2781
4705
-4271
-2609
-3592
6874
6163
-7190
-2046
51
-3332
-5313
2619
-1425
-1216
-4517
7552
6161
966
-1514
-7682
-3930
-4166
1508
9954
-332
-4005
-9578
6694
1468
7069
-1459
-6770
5392
8387
5657
3587
-1548
-7876
-3639
6439
5263
-2542
2624
-1971
-9515
7359
8685
8685
-5281
8107
-5669
-4540
-2489
9620
4302
-3282
6227
-3037
-3566
-1692
5753
4620
-1282
-4766
-4173
-6402
159
9445
6025
-7649
-9717
9158
-3098
2140
458
-4524
6882
2762
-5774
4880
9545
3569
-9047
-70
8475
3830
7013
9080
-78
-3840
-2754
-4521
9545
1624
-6999
-3774
-7919
3306
7058
-5472
-3152
-427
4688
7859
8873
-5231
2742
-808
7304
-8133
-8073
-7598
8360
9359
-2278
6447
-4272
9088
-6210
-6439
9677
-5529
4591
9198
1335
2077
6371
6372
-3360
8024
-4582
-2326
-1819
-1923
1361
5177
-483
-117
-2327
3891
-7362
4058
1926
7845
-7616
9937
6548
4200
5139
-8480
-8519
6095
3986
1097
-4142
-8453
3399
-9942
-4825
7438
2541
-9465
-606
5136
-9784
-7431
8658
-9423
3341
-1874
2803
1598
-5196
5665
9862
4104
4448
-7904
991
-6327
-8351
1427
-1508
-8920
-1013
-7112
-1841
-3036
-4063
1350
3544
-2615
4909
6584
-8974
1489
-5766
-9688
-4504
3513
-1508
-7334
-1380
4375
4463
-9081
-8635
9589
3331
8489
-7881
-2333
-1336
-9622
9929
2720
-4144
4206
-8545
-1208
-5179
-1194
-7414
4639
8494
-1740
107
5688
3638
3675
-5372
-4557
1210
-173
821
-6931
-7893
7889
-4870
7468
-8108
-9125
3548
4945
155
3505
8064
-4867
-6713
-3466
5227
4581
249
1706
-2419
7713
547
8132
9148
-9832
-2404
3104
-2988
-1721
-4877
-4435
9838
-6287
-4547
-9375
-8781
273
-5010
-3638
2119
-8536
-1126
7547
-8559
-9197
-7500
-7051
-1511
-3093
-7282
-5674
-8967
-9953
8318
633
1925
-5969
838
5306
7009
-6326
-6231
7433
-7659
1641
3513
-6995
-7702
5517
7885
3029
4763
2185
-5342
2710
-2131
-4235
-5559
9875
-6766
4867
-2273
-8568
7159
8535
-9490
-7257
-8860
-537
-6875
-5920
6288
-9334
7512
-3861
2641
4471
-7293
-4948
-5005
8437
4176
3222
-6042
1201
-1954
-6505
-6084
-5920
2177
-4725
7830
-2492
-7661
4001
-9826
-1892
-5478
-1309
5716
-1593
1956
-887
-1926
6653
-4347
-5604
-8443
3170
-2009
-8622
-3113
-2694
4252
2600
565
4346
5222
-3816
-6330
7965
-4590
6772
-5784
-1919
-6542
-7131
-5912
1611
6098
487
8885
-94
-7253
940
9879
-9182
-1626
3721
-5810
-7283
143
-8192
-936
-7069
-6552
4951
6118
8178
-4169
2986
-7270
7754
-8412
1102
3335
-1736
-4005
1970
9784
-7056
2363
-5509
6007
8103
6065
9402
-2701
6551
1888
-5153
-2510
6257
-1184
9833
-6263
-5940
-6698
-7064
-9107
-8571
9887
6012
5858
-7663
-6019
-1838
6643
-9061
1283
4756
-901
9530
-38
-7278
-7132
-4378
-7546
-4787
-1828
-4112
6619
378
4995
-4098
4733
2234
17
-6841
5277
3288
-200
3601
-8481
3423
-646
9659
8303
-4983
-195
-1251
-8365
-4499
-7572
-1803
8783
-198
-1398
-6767
-9274
-4439
8231
4933
-6733
-3661
-9516
-4336
3415
-7032
-3886
7458
-1385
-6670
9060
9620
-7861
-1682
3169
-1714
9381
1511
3769
-6923
8276
-9706
1125
-4892
7916
3202
-6779
-6988
-6961
-1298
-5655
-7381
-2317
436
-9293
6628
-6374
9019
-5270
-8766
2398
-1431
7865
6254
8632
-2188
-5677
9742
482
-6836
-9958
-4238
-2359
-899
4375
1159
-9763
-5398
9197
7412
2615
-9831
8071
936
-8693
2480
-7357
-1461
570
-4854
4755
2055
-5067
5587
-4813
-6121
5440
4285
5903
-3633
3494
-5589
-4984
2853
-6164
7939
2159
-6532
-3569
-3041
-6533
8811
-7225
-4512
-8978
9122
-2119
-9625
3807
8813
991
4395
-7645
9880
1878
8938
-9989
8960
-5188
-9319
108
4761
4320
7554
7369
-2596
-8791
-6370
-3638
-5885
3571
-5010
-486
471
9979
-7838
-6833
-7429
1295
-804
9898
-2076
8596
1112
5302
-2556
-8534
-4528
5610
-9910
-6143
5777
3921
1811
-6281
-5608
-835
-3506
377
-8775
-1261
3782
-5457
-6830
-8323
-5
9168
-2192
8336
-1591
7243
4066
-8283
9579
-3647
3299
1061
-2696
3912
-1843
7163
373
2915
-8785
6776
-9396
-7924
5309
-9334
-3877
-1851
-7225
6687
-7684
9051
-8930
-7400
-1581
-7941
6226
8083
-7766
-7665
-1415
-7317
9688
8557
-2175
-4608
3752
343
-961
2935
2024
-5028
-4152
-3032
-4420
2645
-3478
-5201
-6262
9366
4227
-202
1891
-314
859
8653
-5681
-5966
1425
6606
-7611
7146
6005
-8221
-1694
-9146
-5225
6807
9355
4957
5858
7408
-9008
1178
1721
-6626
9647
717
-6858
2416
-3649
-1330
-6741
-4831
4982
-7322
-2457
-2395
-4724
5526
7649
4080
2923
-7899
-4635
-1066
8038
2107
1839
-2994
-1368
6986
-5300
3735
3506
5038
-3746
-8033
-3434
-8329
-5723
5918
-9872
-7939
-1544
1083
1677
-288
-3717
-8756
-3705
-9052
5735
-5168
-9999
-9326
-1084
-8295
8929
-5333
-5859
-9607
425
-1968
-8588
997
-6271
6427
6293
-6665
2803
-263
3529
-796
-4482
4493
2478
8362
8824
-3985
-2973
-2207
5887
-971
907
-5150
-5565
-4550
-3248
1220
7629
-4111
-3555
-3052
-7142
-2689
3572
-629
4361
5139
-5461
-8937
-500
-8193
2700
6216
4242
-249
5459
-5196
3306
-9388
-9427
-8610
-214
36
-6069
9154
-9497
4327
-7460
4708
7554
6120
-1752
1182
5056
8058
-1167
7231
-1394
-133
1993
6071
-647
-8718
-8081
-7414
6962
3907
-806
-5257
1589
-9255
-7435
-558
121
-7433
-1334
-3615
3303
-742
-1025
7983
9741
-4644
-9647
-1748
-2668
7986
7543
-559
4228
-7801
6465
5207
-7469
-5168
1209
-2221
-9767
-2108
4133
3374
3764
-7806
4288
3830
6125
8042
7011
7510
-6014
745
-5700
8697
269
1597
-5017
125
-5944
-8192
-9960
-6207
-9360
-9911
-8409
-6112
9864
-7557
-4314
4345
2303
-2493
5776
-6487
-2772
4323
7551
-600
-7274
-9604
8817
6799
5421
-5324
1280
-1439
7981
867
2433
-5057
8562
-6784
-9094
6715
-8237
-6090
-9879
3408
3097
-2918
2560
-3544
4399
2597
-7946
-1160
4564
8732
-1459
3264
-1223
-9579
-8388
-3063
9747
-6928
8272
-2792
2658
-5252
-3847
4448
9692
-4997
-2884
-5090
7168
-7505
1659
113
6447
8354
8527
-924
8523
5735
5873
9016
3023
8524
3735
7471
4685
8594
7331
-4618
-481
-9354
1259
8095
-8068
9450
-2354
-637
-9846
-2911
-8771
-2628
-6677
6815
1841
-484
-7372
-9028
-3731
2835
8885
5945
-7688
1060
-7037
1630
-8108
7069
5046
-3980
6115
-2072
8344
-2354
-124
5503
-5610
1754
18
-4228
-858
7939
-7776
7148
-7626
-831
-1234
-8313
-5153
-8308
7394
-744
8342
7790
5467
-8923
6026
7360
5687
6108
-5783
-1480
4197
-7382
-4812
2688
6803
-2724
-7775
-7467
5413
9280
9108
-4614
1834
5029
-1687
-8752
6884
-5766
2214
4760
6104
5404
6093
-4945
8280
6093
-213
-8129
-167
-1340
9005
-3731
-2330
-6500
-3729
8323
-4576
-2753
6492
-2333
5641
-3836
-1829
-8487
-9519
-5283
-1216
6609
662
2482
-1002
-4287
4732
-3983
-9271
838
-4845
1124
-2352
-206
-7736
-5371
2760
-9213
-179
9744
7580
5497
-4323
-352
7190
-883
-8801
-9000
-462
808
6105
2453
-3191
-955
858
-3301
5295
-2353
2013
-3591
-6340
7909
6561
7346
-7286
1562
-282
409
-8334
-9005
3780
1387
8336
1550
3017
4712
382
-3648
-5557
9756
5538
-5849
3125
-8012
940
8889
9245
806
-4627
1196
-7285
647
6592
-512
5095
-2367
9795
-526
-435
4041
9901
3149
-1698
6405
3854
2176
5510
-589
125
-5922
-64
2764
1422
1297
2998
-6103
-932
8060
-1012
1261
726
-6579
5050
-3576
5823
-1121
-7969
-9470
4295
3369
4098
-1354
3463
5325
-7603
7194
-9712
-1193
8129
2133
4539
8517
6608
3825
903
-8459
-8286
-9262
-3880
8104
3215
-5807
935
8467
-5486
-5585
-2160
8025
2563
1829
-9709
-8508
5389
-2460
3938
2985
-9391
3743
7830
-2934
3685
453
9466
-3132
6425
1184
9860
-531
7006
8752
2472
4853
4997
-3003
-1396
-5315
8052
6147
8511
-5390
-808
-8499
1790
-7394
155
784
7429
1121
6754
1792
1789
-4516
-2430
1600
-7794
1456
-2507
-8649
-9180
1678
8495
8589
5375
-5009
-2442
-5797
8074
3279
-9433
2438
-5777
-2809
990
-711
4241
9589
-5078
-3980
-2999
-4806
1892
-2510
-4395
-9595
9219
8184
8217
530
4470
4894
9855
-5697
8795
-7219
-2021
-1010
-1699
-1072
-6226
2405
-1501
5282
4588
8864
-770
-126
637
183
-3782
5563
8023
7124
-9284
-4526
-4872
-1548
9860
4160
5143
-4836
-5387
-7033
927
3641
1486
-4907
3088
5707
-2258
-9885
1147
1420
6922
-6567
7235
2223
2364
-286
-5192
1607
3223
-3588
-951
7963
5586
7811
-7366
-2372
8621
-6948
-5040
7603
7890
-7218
-7648
-1231
9522
8056
-1521
7975
7334
2253
-4444
-183
-6960
1089
-9104
5720
-7607
196
3227
1930
9865
-8233
6090
2812
-8825
9462
4392
-735
-4156
1216
-4998
-4648
387
6890
4586
2576
2357
8221
9307
-7657
-8383
-9398
-4022
-6805
-4159
-8165
-1181
2337
-5088
-9454
-6898
2460
-5649
8835
5537
-7391
6102
-9297
9981
4982
537
-6850
8185
-368
-8831
5052
5172
-5565
6419
1117
-2946
5879
-7278
-7712
6614
-2886
9397
-478
3759
2938
-3021
-6635
-5082
1438
6586
-1723
7662
-2777
-9622
8900
2074
3613
9030
761
-9025
-5735
578
9144
-7805
-1976
-1025
474
-5483
8070
-8277
-7921
1377
1017
-5240
5480
-7246
-8026
-5311
9651
6690
5969
4851
6746
-5979
-6790
5031
4799
9118
3009
6507
9818
-7754
875
-4806
-9868
-6575
5033
3397
8733
8307
687
-3641
-2326
-5789
2908
-1142
6006
-4660
2208
24
-7642
9636
9074
8512
-726
-3924
4531
-1778
-7946
5592
8794
-8150
6672
-393
5766
-7000
-7387
-9321
7649
8259
9537
6892
-8890
7966
4842
-1434
6748
-1764
-5316
-5188
1706
8043
5533
-6788
3308
1525
-3535
-8992
-3187
-5913
7307
-2247
-3975
-6677
7186
935
1368
4397
-2753
-8247
3846
8680
-2317
-4512
8498
1177
-1678
3079
6441
8109
7746
-1116
2868
4785
-7393
390
2196
-7940
-2149
2460
-1590
-1979
-1636
-2734
4165
108
-8130
3889
-5809
3228
-1742
-5764
-7021
7980
2264
-7124
-9212
1726
133
376
1874
1855
9536
907
-213
3896
-9809
-237
-368
4974
-4189
7474
3080
1918
-9067
7398
-8332
1970
-9109
-3698
-8253
-1541
-8377
-8929
-8315
-9635
-2299
-592
8761
7818
6620
7584
-4845
-6615
-7210
4826
-778
-6353
76
6621
3689
-7620
8070
-800
-6193
7437
-1212
-5901
-8577
7974
8169
7214
-2627
3767
8620
-8415
-1443
-3157
-3760
-1466
7783
-7895
-4265
5382
7297
2053
2770
-8414
-5458
-3554
1992
2726
-4601
6736
2108
-8413
-5282
3701
-7452
7596
4972
2499
-2495
2864
-8588
9299
5444
-2117
-1190
3510
-4875
316
1404
-7917
-1237
-6009
-9563
4700
9112
396
4811
8578
5170
7393
5195
6514
5080
3517
1738
1302
9351
-7465
-1744
-8867
-7130
7438
2312
194
5409
-1756
3632
-8270
-330
-9730
6838
771
-9772
3219
-6863
-4629
-2061
9908
1802
828
-1149
-4101
-5316
8075
9262
-4074
-1123
1966
-2434
4448
-3364
534
9972
527
1267
4306
8140
-3603
-9370
5672
-6193
3188
-8372
-324
-1571
2514
1158
-3335
3560
-2482
-6212
-6972
-8247
-3596
-744
-6293
7903
6225
-161
-8494
-5115
1611
-7539
6721
-7828
907
7022
-170
4713
-9604
-966
-2085
1941
-7113
-3903
-453
6204
-8550
1085
-9075
9534
-2143
6621
-8584
-8042
-421
7237
6837
-8707
1526
3816
-5416
-7567
-1591
6570
2247
8432
-6900
-1104
9155
-4840
631
5123
9835
1446
-7648
-7684
2904
2974
-36
3554
-459
-4998
5203
6663
-8366
4867
-2408
2343
-9910
-3080
-7232
-8507
1413
6343
-6557
-1046
8320
7654
-9822
-6604
-1122
-2651
-5388
1254
-4576
-2781
8033
2670
-1857
3343
-9836
-7363
4289
-3275
-1724
2902
-5380
-6394
1448
-4515
-2706
5430
4653
7860
-7767
6276
-6974
-307
-4575
-2441
2044
1811
3498
2061
-5224
-4468
4488
3202
-1972
2201
5528
-706
-608
6335
-1584
2069
-9724
-9189
-995
-8263
-1511
-3110
6489
-8894
-9939
-3090
9100
5265
8405
6392
4643
4438
3842
6711
-3612
-8151
9954
1118
9537
618
-5855
2606
-2201
-43
7913
-781
5238
-2761
-6825
7166
3831
7143
-6213
5147
-9442
8190
3100
2831
8588
-415
1761
3854
929
-1702
2829
-8031
-669
5498
6456
-5971
703
-2441
7683
1768
9803
3283
6660
-7802
-4137
-7282
-7966
-6573
-9821
-1454
-8329
-4236
-9777
-6716
6243
-9359
-1817
-1081
-3370
-7741
-4401
-3501
7597
-3432
7712
-373
2709
-6925
-9623
-435
8783
-1169
-7969
3637
-5243
301
-7602
-8580
-8322
11
-7592
1063
1403
1153
3532
3598
7587
4806
-6031
9845
-6362
8706
-725
-5563
-1474
-6259
-4190
-5567
1142
6566
-1402
-8543
1392
-5236
-1108
-7159
-4817
3498
-5353
-4124
-2543
-2796
-4020
1273
3232
424
4076
-2349
3223
-703
5108
-4979
8881
9251
-4428
-3165
-5160
9139
-7971
1502
4218
-3281
145
-3969
-9127
-2921
4352
-8886
8093
-8393
3521
-5454
-1511
-7359
-1573
-5845
-9747
-7101
-6872
9435
-3614
-7731
-6098
9814
3983
9271
-5935
-234
4537
9036
-6208
-4187
7061
-4678
-9800
8774
-9799
-5771
-7022
6252
1588
828
-5940
-5851
3706
353
4003
4552
-1289
-7813
1016
6313
-551
3165
6528
-8221
2766
-3937
8761
6270
6665
-5512
-8527
-9663
-4057
3832
-2192
-5320
4686
-3434
-5154
6186
3497
-977
4052
-7595
-580
835
5146
-8766
122
-5473
5562
-8247
-4526
-1454
6962
6944
-9600
-2725
-1946
-6096
165
3274
2978
-8676
3325
-1816
8197
-8109
7970
-8191
8390
-5323
7462
-1040
-2966
4834
2230
157
9250
-7374
-8092
2095
2303
9417
-9420
-6948
827
-2519
9554
589
-39
4190
9941
9204
-3184
536
-6908
-2203
3816
1585
-9659
-4797
8285
-5939
-4312
-983
-3057
8617
2984
-2730
3559
6563
9310
-3284
-30
-1957
-7039
6019
4965
2262
9328
-5962
-9
-4739
7133
-4312
9701
-5639
7296
-4575
-2586
-8078
-2857
-4027
-3649
5426
-3255
-2873
4809
8678
-904
-1042
-6633
3785
-6458
-4496
3338
3053
-7612
3
4063
-5040
-3257
3389
-4540
-2767
-3247
1689
960
-6494
8728
-3355
-3770
-5881
1218
-3666
6459
-3232
8439
8743
4270
-9436
269
-2229
4386
6881
9129
-4217
-1914
9654
-7944
3876
-4093
5358
2701
1152
511
-6952
-1733
4967
-3625
1692
-2102
656
-992
525
5603
2484
159
-4929
-3027
-4181
7892
1835
-3067
-9799
8518
9053
-5225
-7092
-8856
8004
-6685
6077
-3279
3510
2750
9816
2502
6989
8162
9404
5208
-9583
891
-2743
-9721
3326
-1844
232
5014
3287
-6385
-9035
7705
-8900
192
-5523
-4526
1208
-3631
7879
7471
8203
2009
-6807
-2873
-4094
745
1825
-3416
-6553
-3320
-2783
-9353
6749
7354
-5988
-4812
-2111
64
-8033
7387
-8106
-4466
485
9540
-4921
-2233
5021
3597
4365
138
-9314
-4329
4362
-6975
-4564
6474
8405
-1979
3450
8543
-2873
-4402
-9646
3455
-8836
1195
-9429
1429
-7629
3324
-4473
-4958
-9936
-1868
-7215
-2557
-4575
-1134
-4207
-284
-3729
-8320
-1197
8899
-616
4962
1852
-1950
-2887
8857
-641
1170
-9867
-9820
1272
-1296
-2038
-1621
-4863
5604
-6017
-9822
3864
-5853
-4200
3383
-4756
4356
5318
1816
6350
539
7277
-9788
8797
-2316
-7109
8047
7527
-5284
1942
7779
5174
7510
-751
-7820
-9852
4521
2680
3644
-4018
-3934
-1663
-4696
-7758
4796
-1356
1358
-4414
-4733
4628
-8169
9324
7608
104
8537
8677
-7283
4531
-862
6330
9989
-2511
-641
1848
7859
-6610
-5300
3116
-1153
-4931
129
8584
-3621
-5474
8934
1397
2593
4662
-520
3355
2770
4350
2675
6892
-8934
-4936
2701
-4541
2239
-7540
-4726
-9227
9404
-6635
-9488
-2223
-7696
9563
5771
2687
-3818
9322
1602
5008
1536
7406
-7568
-6068
2658
-5802
-9965
7832
6786
345
5177
9593
-2914
3158
3242
-1367
-10
-4823
1343
-2973
3743
4462
8700
-2527
-5269
-5154
-1924
253
-939
-1849
-1938
-2407
-8186
-3135
-2173
-3777
6455
-4403
8287
3426
-8481
-8921
-2099
-1207
4613
644
1552
5003
6092
-7596
-8660
-9610
-7418
5720
-446
-4164
-9771
-7828
4766
5497
8830
6135
1997
2183
-1090
-5311
6635
9104
10
-736
4861
7322
-2127
-632
1156
-1000
-5045
4623
1684
5443
6896
-1237
8949
-9107
8032
-267
1907
2010
1439
-6541
2442
-1333
6682
-5632
-7871
7252
8416
-6562
8567
-7232
9774
6124
6581
-336
-4634
5892
-5679
9293
-477
-3368
-414
5955
7888
1185
1290
-8818
5359
-3675
642
-5842
-8436
-6301
-693
1631
2931
5261
9955
7950
8152
9370
2348
2641
4286
8463
-8940
-3490
-9288
5997
8708
-7079
-2623
-5093
2447
5937
4986
5923
-1796
8661
20
-2466
-9707
387
5961
3632
1745
9398
-2412
-9087
9626
433
-5061
8347
8481
8293
-7726
2027
-6908
9089
-5990
4442
-6620
-6887
-4575
-5565
3359
-6219
8697
-6211
-8338
6728
-6965
-8736
9232
2485
-7794
-7517
-2700
4150
-2502
5884
-8974
7988
-442
3445
-3654
-6671
-7785
-9195
7417
-3676
6778
-8088
-8146
2923
-2384
-8960
4385
-516
-3115
6435
-502
8500
5183
305
-3480
-4901
-6737
7263
1645
-704
989
9929
-8268
8182
-7190
8023
6288
2558
2356
-7924
-6730
-2795
-8679
1696
-9871
-5723
-2169
1001
-7920
-3399
6714
-4086
-8122
6002
1309
-5058
-4235
5663
-1364
-7562
-4
-2433
1226
6806
1666
-1147
2471
3212
4035
-712
-2239
3
7577
-6405
4084
4813
325
600
5287
-2061
7563
-9003
1815
581
7669
7385
9984
-6611
-3836
-5809
2324
-4160
-4693
6112
8449
3594
-5550
-8556
-8475
-8926
6638
6856
592
-6943
8490
-8493
-9975
-634
-9353
-8068
-6487
4791
-7319
8068
4741
5975
3640
1621
4958
9490
-9636
5042
-5123
6465
-3211
4551
9123
8588
-1629
-7052
-683
-829
-6849
548
4495
-4696
7433
-23
3535
-907
-2954
-1705
-1291
-2659
-6510
3169
5405
9616
-30
5640
6362
-3344
7833
-1962
4853
7495
8987
6616
-5572
-4838
496
-8595
8609
9568
9398
16
488
563
-3292
786
-9636
-5189
-8444
489
-9080
9907
8927
-6806
-1691
5829
-661
1910
750
-3316
720
-6646
-8736
-6473
3979
-6267
1676
-7316
-1394
3515
-7590
8539
-5922
-4861
-9427
8418
247
-1923
8067
6542
-7336
-3030
-9608
-909
1802
1255
7512
-2633
3332
-4493
-8754
9179
-3642
6109
-5174
